多维背包测试报告
首先进行调试，在进行数据的测试，
1.在测试第一组数据的时候出现出最有价值为3800.00，测试结果跟最优价值是一样，运行时间是比较快的。
6 10 
 100  600 1200 2400 500 2000
 8  12  13  64  22  41
 8  12  13  75  22  41
 3  6  4  18  6  4
 5  10  8  32  6  12
 5  13  8  42  6 20
 5  13 8   48  6 20
 0   0   0   0  8  0
 3   0   4  0   8  0
 3   2  4   0   8  4
 3   2   4  8   8   4
 80 96 20 36 44 48 10 18 22 24

2.测试第二组数据物品个数和属性较小，代码跑起来还是挺快，可以正确的出现结果8706.1.00.
10 10 8706.1
 600.1 310.5 1800 3850 18.6 198.7 882 4200 402.5 327
 20 5 100 200 2 4 60 150 80 40
 20 7 130 280 2 8 110 210 100 40
 60 3 50 100 4 2 20 40 6 12
 60 8 70 200 4 6 40 70 16 20
 60 13 70 250 4 10 60 90 20 24
 60 13 70 280 4 10 70 105 22 28
 5 2 20 100 2 5 10 60 0 0
 45 14 80 180 6 10 40 100 20 0
 55 14 80 200 6 10 50 140 30 40
 65 14 80 220 6 10 50 180 30 50
 450 540 200 360 440 480 200 360 440 480

3.测试第三组数据属性是10，运行起来有点久，受限于代码的功能。
15 10 4015
 100 220 90 400 300 400 205 120 160 580 400 140 100 1300 650
 8 24 13 80 70 80 45 15 28 90 130 32 20 120 40
 8 44 13 100 100 90 75 25 28 120 130 32 40 160 40
 3 6 4 20 20 30 8 3 12 14 40 6 3 20 5
 5 9 6 40 30 40 16 5 18 24 60 16 11 30 25
 5 11 7 50 40 40 19 7 18 29 70 21 17 30 25
 5 11 7 55 40 40 21 9 18 29 70 21 17 35 25
 0 0 1 10 4 10 0 6 0 6 32 3 0 70 10
 3 4 5 20 14 20 6 12 10 18 42 9 12 100 20
 3 6 9 30 29 20 12 12 10 30 42 18 18 110 20
 3 8 9 35 29 20 16 15 10 30 42 20 18 120 20
 550 700 130 240 280 310 110 205 260 275

4. 测试第四组数据的时候时间为半分钟，数据比较大，进行比较的数据多，导致算法运行时间长
20 10 6120
 100 220 90 400 300 400 205 120 160 580 400 140 100 1300 650
 320 480 80 60 2550
 8 24 13 80 70 80 45 15 28 90 130 32 20 120 40
 30 20 6 3 180
 8 44 13 100 100 90 75 25 28 120 130 32 40 160 40
 60 55 10 6 240
 3 6 4 20 20 30 8 3 12 14 40 6 3 20 5
 0 5 3 0 20
 5 9 6 40 30 40 16 5 18 24 60 16 11 30 25
 10 13 5 1 80
 5 11 7 50 40 40 19 7 18 29 70 21 17 30 25
 15 25 5 1 100
 5 11 7 55 40 40 21 9 18 29 70 21 17 35 25
 20 25 5 2 110
 0 0 1 10 4 10 0 6 0 6 32 3 0 70 10
 0 0 0 0 0
 3 4 5 20 14 20 6 12 10 18 42 9 12 100 20
 5 6 4 1 20
 3 6 9 30 29 20 12 12 10 30 42 18 18 110 20
 15 18 7 2 40
 3 8 9 35 29 20 16 15 10 30 42 20 18 120 20
 20 22 7 3 50
 550 700 130 240 280 310 110 205 260 275

5.测试第五组数据的时候，整个代码跑起来已经是很吃力了，时间较久才出现出正确的结果。
28 10 12400
 100 220 90 400 300 400 205 120 160 580 400 140 100 1300 650
 320 480 80 60 2550 3100 1100 950 450 300 220 200 520
 8 24 13 80 70 80 45 15 28 90 130 32 20 120 40
 30 20 6 3 180 220 50 30 50 12 5 8 18
 8 44 13 100 100 90 75 25 28 120 130 32 40 160 40
 60 55 10 6 240 290 80 90 70 27 17 8 28
 3 6 4 20 20 30 8 3 12 14 40 6 3 20 5
 0 5 3 0 20 30 40 10 0 5 0 0 10
 5 9 6 40 30 40 16 5 18 24 60 16 11 30 25
 10 13 5 1 80 60 50 20 30 10 5 3 20
 5 11 7 50 40 40 19 7 18 29 70 21 17 30 25
 15 25 5 1 100 70 55 20 50 15 15 6 20
 5 11 7 55 40 40 21 9 18 29 70 21 17 35 25
 20 25 5 2 110 70 55 20 50 20 15 6 20
 0 0 1 10 4 10 0 6 0 6 32 3 0 70 10
 0 0 0 0 0 30 10 0 10 10 5 0 10
 3 4 5 20 14 20 6 12 10 18 42 9 12 100 20
 5 6 4 1 20 50 30 5 20 20 10 10 20
 3 6 9 30 29 20 12 12 10 30 42 18 18 110 20
 15 18 7 2 40 60 50 25 25 25 15 10 28
 3 8 9 35 29 20 16 15 10 30 42 20 18 120 20
 20 22 7 3 50 60 55 25 30 25 15 10 28
 930 1210 272 462 532 572 240 400 470 490

由于后面两组的数据较大，对于运行时间就比较久，一直在比较，就没有进行测试到底。